1.42567051992195 0.150915042164386 0.0079863139134736
0.299433893284156 0.163879814028068 0.00879758464328045
1.01200793070396 0.250406955969323 0.00837896926105188
1.0964041442647 0.165507789439561 0.00847648230755981
1.10418077902222 0.127354807283576 0.00760559643313329
0.682190326531956 0.163363572619625 0.00821568757621129
0.927994766500824 0.152492039926149 0.00828472689473509
1.10048728839587 0.147192915343054 0.00803961415572491
0.48197251094722 0.232652334818888 0.00835629250138831
1.3681002291911 0.142715316231551 0.00798901163876302
0.736029700263367 0.207859933316673 0.00850117966310188
0.961477686613183 0.140594912288778 0.00874764546904418
1.68014970898384 0.14579122343365 0.00838196613070611
1.02646842192617 0.139347754404534 0.00820875857017785
0.581852786868255 0.154550467941621 0.00799365884416045
1.30143851979289 0.219835231772606 0.00762011159685944
0.979611541304152 0.13580647501674 0.00829187938177288
1.39860484404265 0.144709386672105 0.00876764529875481
0.680553797968728 0.203891942937049 0.00972649760656071
1.11888912228055 0.195886241271664 0.00930489036994419
0.622261318304301 0.247703706003107 0.00781928429519776
1.03495035245606 0.196218483425247 0.00788756308248299
0.75758333561037 0.124838674293969 0.00817683223247522
1.21798770199731 0.177698207922379 0.00913050477232701
1.46040071418856 0.16102448762664 0.00922539340865481
1.02144811472009 0.215041549017932 0.00889540189694985
1.08487351666474 0.201252874933234 0.00858104214816241
1.44660102096621 0.147679588392494 0.00800092573333885
0.871871171317138 0.251788796294083 0.00803013347320783
0.547915710763107 0.161892212129115 0.00830391493854963
1.75994147938182 0.140493124456998 0.00747192343526674
1.46838076190841 0.207687639995601 0.00827609986590532
1.0821700189651 0.182551808893132 0.0084296665490054
1.58667148113843 0.17728297872844 0.0104677756568264
1.36248024528089 0.162130530005932 0.00837235618910105
0.709718902815424 0.124135638919725 0.00917731836804052
0.430880886193147 0.174709209644935 0.00937498672290838
1.38025265099492 0.160311022420142 0.00847298442854767
0.540470679721489 0.137352584282592 0.0095329382319321
0.42835899498018 0.155116923328647 0.00921560493728065
0.821581717594324 0.191725962451298 0.00960086492706427
0.468132252762488 0.219245265706119 0.00965441841189594
0.404093315675634 0.228538985915669 0.00828899076141153
1.00468247981196 0.142396009457845 0.0083134348895916
0.945963352025424 0.150229597498799 0.00843527225976337
0.981549917457447 0.2535009671195 0.00843216771857674
1.04820589180503 0.162204389423131 0.00859401104929269
0.739399782964084 0.187830664218092 0.00990905778114813
1.08060643694463 0.155025023550349 0.00893184045256343
0.988127603048255 0.177091439289394 0.0088337236039169
1.48462163302684 0.223218724298246 0.00854488393272767
0.587435898376237 0.11535312669984 0.00818796014648526
0.578496554814176 0.133347707411282 0.00941479119368969
1.26436303949734 0.217533313009501 0.00981936960213102
0.939770779390405 0.132021394772296 0.00856426486533274
0.768639686391642 0.255173484624889 0.00836028347208939
1.21889624707296 0.156266005773715 0.00940568940244906
1.78245003421238 0.203676406914721 0.00797750566641232
0.685284102626672 0.183921040868661 0.00936643422833911
1.32011326140453 0.205997882953144 0.00784569980791922
0.875169793672013 0.21524648061632 0.00811899417141106
1.45283877535025 0.130952210113865 0.00838902305602232
0.319992752655899 0.110836171532467 0.00812333867989069
1.22528557957904 0.137061907040594 0.00932057304850507
0.70937789857854 0.191136841227396 0.00926806425467256
0.409873108577858 0.169329455233642 0.0100023176309477
1.66474887562371 0.155978741059762 0.00880914089470245
0.66134736916954 0.198227100398251 0.0084505926824393
0.641883311218866 0.124966953014221 0.00840051913567023
1.04009261864531 0.217620132494524 0.00802337978963653
0.904394845187975 0.148663947110943 0.00921429692020501
0.894783738604628 0.131373052610207 0.0089113281299314
0.874015947012271 0.136566445592998 0.00877126051798023
0.985969733414282 0.217731021639973 0.00851260905419524
1.56144319578731 0.233959019627888 0.00869622221294073
1.29994596237156 0.181422113565341 0.00956430353194465
0.560304297541896 0.148696273819003 0.00868041783832146
0.885169753338132 0.153426050253285 0.00926483898392334
1.25443161124653 0.233561949447376 0.00747286455358694
0.813795434156422 0.15891751817509 0.00796198412404034
1.63830188419379 0.141419432914956 0.00825164141958723
1.42475506264263 0.173803676595345 0.00874461542377779
1.76245203868351 0.216881961285506 0.00872675540134878
0.674938321861387 0.22610233730218 0.0082050481624459
1.3337682604187 0.138610965157877 0.00847764224224504
1.86440314864128 0.13927198686881 0.00837657402373005
0.734589116890109 0.226034055260125 0.00822300102929059
1.20470892785234 0.139575549745858 0.0093726245298054
0.956071184980808 0.202881522785485 0.00849291330678828
1.67024238483491 0.197612911965678 0.00875419801177322
0.621028309550848 0.19492545877765 0.00847729586979809
1.27105441813277 0.23741721859661 0.00873781868341244
1.42623078819278 0.225602351128648 0.00841025819611381
1.40589243911837 0.164247490414819 0.00910614003268269
0.965276702403315 0.186590605920745 0.00859157637872224
1.77785347268307 0.184921531253263 0.00923552389885486
0.442641842132525 0.139187806838086 0.00976324141705679
1.06684443677576 0.167510647658488 0.00801894259368632
0.762340799927794 0.199308273319293 0.00922008649996677
1.34772866485762 0.241377023522549 0.00734639892889803
0.899186480864155 0.189237802677835 0.00906762304210438
0.298685531785639 0.131383073523151 0.0085553824331956
1.35544998885658 0.130768651829232 0.00822746292365701
1.84829868878914 0.148465446695007 0.00854698619151419
1.19935095302632 0.162820691996723 0.00916333252695499
0.914877781607455 0.132200341207866 0.00892470759455355
1.01829304434531 0.155965370500902 0.00929588353328375
0.479935319504912 0.157159783963662 0.00938771054041398
0.324943944972829 0.15536489223491 0.00932589447137535
1.04183239251301 0.121944639044365 0.00801191258493841
0.98942063728132 0.151227791829918 0.00835529854066462
1.02295131580465 0.235069523228905 0.00849776175027028
1.41000114211932 0.184949091682599 0.00882121931900417
0.41723117172228 0.241270884265539 0.00888611603429478
0.749476405668558 0.142114721565054 0.00933006935938094
1.44507827594224 0.175732004355992 0.00938802182439115
0.967184863154715 0.218150957879889 0.00889558022777047
0.55882334387994 0.130203499927414 0.00843758259238226
1.51423317288626 0.203097758670751 0.00794551843401137
0.622084336002757 0.125378665113662 0.00826914371658982
1.58775335056804 0.151277495978302 0.00850433193952695
0.913825248311892 0.16713813739136 0.0101755071331388
0.364202815131253 0.228964456275711 0.008153831235728
1.39352824262337 0.198677978401806 0.00905715503952808
0.63017212022746 0.141115328687926 0.0084350804470129
0.953362937961245 0.115563221414785 0.00856266078043205
1.57959569548333 0.133745650095779 0.00959430474119653
1.6415013148495 0.161166872192806 0.00869593012124756
0.79765649142256 0.191743494805972 0.00817829050858081
0.764104423625884 0.156989098646173 0.00966873626842148
1.46752273493831 0.141708372941797 0.00839520055317318
1.55689072922485 0.13531763314082 0.00870070149651372
1.63817512212892 0.241974405531923 0.00817920053826527
0.642807327201838 0.247935191166861 0.00913203129979159
1.38318838411009 0.133736457836786 0.00869065289004203
1.43483869053703 0.193096760580947 0.00976285827200113
0.88894870641278 0.24805492713364 0.00805509690411094
1.5068320665536 0.152108224781715 0.00799674493342707
0.384934317547916 0.223590287037872 0.00920116754807365
0.650384853016777 0.142670461770802 0.00967810057647134
1.78198594524747 0.221979530496368 0.00903517584087086
0.400304868328739 0.190674605680083 0.00973404575094748
0.768126890693182 0.138735733479235 0.00808788462551967
1.20518911519458 0.192805414094333 0.00957704368038429
1.65515294250405 0.137663396290979 0.00814957997846553
0.566235528601912 0.166872018588158 0.00913274687659831
0.63277336337014 0.231122240189326 0.00859461280203597
1.49598509489347 0.237834626460618 0.00829813583139337
0.446807315194937 0.162028969598373 0.00911011750474579
0.550681624100798 0.181354408180625 0.00878685549907366
0.665268265973045 0.129887984810812 0.0083363973708175
0.880517184749941 0.183991825634484 0.008400767017516
1.24233974601465 0.184445627705438 0.00925152153954733
1.67023956128457 0.175619479002312 0.00955119036756936
1.26246096825312 0.192362635649943 0.00870918622650342
0.69479406692293 0.147631687975122 0.00966243336904043
0.778854655077739 0.16933664026194 0.00793742095431707
1.00181639147642 0.164531685723589 0.00801706005820056
1.26765507693185 0.17395769739875 0.00927980177206237
0.304552920264965 0.182924613040686 0.00910192953506233
0.495600009716569 0.216671807292282 0.00933633313788867
1.68788388299555 0.191056408330576 0.00861975619957892
0.705693916426274 0.249069352252283 0.00814463841933702
0.343740440665477 0.15652036198132 0.00817205264881687
1.29775627912979 0.20154628389424 0.00952734113657885
1.77391469038641 0.132387000763778 0.00749552311197057
0.798631629580995 0.143557150879724 0.00887810167464739
1.48177300088844 0.176380146067216 0.00981150845098632
1.24441860362438 0.143066752788509 0.00868875922231079
1.55396209230328 0.216387300897931 0.00899847458951836
1.19846746322613 0.23232742892491 0.00877132782810145
1.39968893408169 0.123552690784956 0.00929127746568337
0.721694969214472 0.173414128975139 0.00939221854215834
0.684807310308947 0.129019675844174 0.00962165099307979
1.03081674679742 0.178728020350604 0.00860990298269627
1.85202935100387 0.242692411953825 0.00915406852494383
0.792187995246471 0.223708498400173 0.0087133190394469
0.337981681449683 0.138725731896764 0.00942541545259186
0.739220911302967 0.124784730881047 0.00926740952255216
1.57125821279157 0.195670520258918 0.00943962458687524
1.81530302106279 0.195014504402213 0.00840431660843711
0.32416793785675 0.184270269456955 0.00909684044646211
1.00364115735633 0.219657144933969 0.00793657179410678
1.30508330206287 0.156286903624891 0.00978410822519108
0.652391697009475 0.182626186368149 0.00822480835709737
0.421476215646234 0.223456337943829 0.0085096870057796
0.927465799438211 0.116800699106356 0.00982188677346223
1.22632084475983 0.197246218085236 0.00996782412129716
1.88314834619583 0.132340407698609 0.00823628470964832
0.361822786012124 0.136742655014868 0.00916941388883419
1.36171598054471 0.114315499962127 0.00824040334738515
0.423496884346058 0.134128021644655 0.00894664452616737
0.89363768801714 0.170780342323183 0.00907955567027761
0.440347493611142 0.117281350168791 0.00918987093408794
1.00821722877184 0.202476233289828 0.00817298523575531
0.499610250738432 0.158407187869325 0.00934086581470357
0.548128540528079 0.227495292597184 0.00912451232676926
0.347888535971693 0.175455931667183 0.010191442643369
1.74990683125715 0.160614877456347 0.00842352654537826
1.62224137899133 0.23390797393392 0.00787010571445469
1.50413194854668 0.219904471366834 0.00970335061060852
1.41412794519719 0.135946233778157 0.00816673801596168
0.474659738269986 0.177983189782994 0.00955913676408551
0.433663074265987 0.253799090753124 0.010324933994085
1.36148380849592 0.182042983274533 0.00915011870052737
0.685601574918517 0.248762924161663 0.00695710637246357
1.81813172074874 0.169044936697273 0.00787648935938397
0.398171311394561 0.209929018941301 0.00866946556381954
0.631899987635753 0.109268260473231 0.00927331994676527
0.818640497569273 0.1407175696305 0.00946224939038819
1.56656611164372 0.151391629208478 0.00876929279499354
0.633404374664561 0.180148368144624 0.00882425422858779
0.560687343040681 0.212253343417422 0.00929171065789079
0.840270721503845 0.176665020906229 0.00807239020282748
0.885644177688267 0.231030776797304 0.00810745908806901
0.651734297743487 0.108875112939767 0.00894868864350374
1.86800237454077 0.120985834000171 0.00915372704239337
0.352022025308738 0.118910704550753 0.00996248103433676
1.08816250949808 0.134304718996388 0.00875182686555772
0.618040829553582 0.170875412425258 0.00801932189324966
1.34256177324447 0.111710218198731 0.00879068755068497
1.45698742693862 0.190243177116721 0.00829428271007015
0.668687750492189 0.150478931541402 0.00922576638887796
0.809876387022827 0.229697850181673 0.00823063462033544
0.706235630253833 0.163092300113439 0.00820532715896087
0.884928169313792 0.20099658489934 0.00828826372094279
1.31993351683745 0.174482626448133 0.00894666127976259
0.749079826124133 0.234104124211009 0.00719636711986332
0.74970004133586 0.107265231109994 0.00884440529552696
0.794091160039809 0.161151352402486 0.00838386011808461
1.20861950591522 0.214990485022483 0.0101304183627494
1.26186811539863 0.154465557680569 0.00932414416160832
1.34348258619888 0.175259126103721 0.00864092307240683
1.57347964510671 0.21517305349424 0.00911137189802514
0.438928584994629 0.23054735627677 0.0086601686940581
1.15985687036604 0.152874321742739 0.00899732747270548
0.461605747577254 0.148782639142362 0.00956289026870827
0.639615479847953 0.160908710450284 0.0100229008327337
1.37485206177232 0.19541663951219 0.00871694638675378
1.10757574799509 0.106138036464805 0.00817239892900033
1.65339236093048 0.119127776697614 0.00859547293805432
0.897331868419893 0.216050552614187 0.00970977564681859
1.92069315819459 0.177046426018889 0.00878884091591382
0.597891548808594 0.20525858820817 0.00851798657492856
1.21281015505473 0.243214984795979 0.00801116630131038
1.80967529757249 0.141317273219398 0.00985658591869357
1.64045262095655 0.19919909626188 0.00852628079813716
0.785216729638402 0.240709497415796 0.00826626154678493
1.32815590322754 0.156930824820475 0.00916923362722604
1.10692858570935 0.236054281009653 0.00910679658597558
1.01375787373936 0.12640320765795 0.00860258932194246
0.762065913890469 0.178962770101472 0.0101097689962048
1.65372434498737 0.185956113520918 0.0088092467228932
0.770697934895437 0.110372222219792 0.00933540261623064
1.598542491846 0.244878011107793 0.0088311987166303
1.6364479513558 0.179089717702753 0.00885196159096717
1.24718766130621 0.203015635518761 0.00876115572311147
0.907761921801625 0.114783157746885 0.00894683768412866
1.79736257808572 0.194588047410415 0.00849126049886932
0.802321583318727 0.247573206484481 0.00924265909215286
1.48639757644329 0.15302391003904 0.0110226366333273
0.709386494730277 0.211435232596788 0.00930081500280515
1.66735764360558 0.236098456329166 0.00928281380247793
1.12087754150129 0.153470752599891 0.00892962220503829
1.67072193006622 0.127117716650743 0.00953304674417394
1.79934232373507 0.241383367950663 0.00904534081119254
1.45214021894928 0.253804859925331 0.00983853707266119
0.923219437654772 0.188334840328137 0.00880676372455083
0.917403132344528 0.223890694625067 0.00934483306348947
1.68789246824162 0.168714354053256 0.00830169283799122
1.86397322104982 0.206922638509737 0.00796032852239753
1.24257931541825 0.163184189678432 0.0104234603723018
0.579093338613506 0.195711773107326 0.0105131225063005
1.45911566671901 0.22886016546589 0.0106960450016844
0.453248087183276 0.199177223199463 0.00891242921005801
0.319151904366807 0.130304238583148 0.0100489295452974
1.49069663199812 0.20003272535854 0.00918982771368975
0.618411559519713 0.154023091678354 0.00799411964544611
1.50146842426591 0.170083734594585 0.00956604219412771
1.87504252045287 0.192174376793368 0.00939711616004961
1.07131849220056 0.140109905614172 0.00776011121921867
0.956387575561836 0.167552050724037 0.00984951293889313
1.87404904351593 0.154446152266669 0.00870303408898513
1.16876082427628 0.188119614444293 0.00797139222201104
0.397670970133186 0.246332185220503 0.0067517757522741
1.16295645188574 0.117969812282003 0.00835369543202407
1.83080524232644 0.119752211975831 0.00858968964887588
1.11243823295457 0.215261330512608 0.00958593838667192
1.06242512355072 0.184842897659201 0.00789447711554894
0.971395060850197 0.118441865670614 0.00864398810603895
0.941482270012101 0.191972662200839 0.00843491987796293
1.83841647867483 0.207426683940233 0.00874078473255109
0.913672993933943 0.204791088830895 0.00914245196481934
0.937892391974409 0.238438540166497 0.00962582624315913
1.74105838210683 0.143748111777302 0.00953092381421308
0.664932856537748 0.169584983217761 0.00896332661220875
1.80420773207408 0.218225092282396 0.0100972783938644
1.17819227889112 0.163998509117428 0.00970069043911459
0.806187755656024 0.17516859536802 0.00908433900368365
1.22385746319044 0.229044882048802 0.00887787331842851
1.59160034445642 0.11773171776494 0.0093554287212511
1.42078496548425 0.116372695510685 0.00903045809453879
0.420831969675315 0.115205252171429 0.00914497559626848
1.26980794533149 0.109962422575329 0.00828218764989687
0.408525936435651 0.147969573299415 0.0103297525918781
1.54354957698132 0.149339419184512 0.00968258960698934
1.82391336359295 0.218483157414081 0.00840670894353726
0.693953221036931 0.230939008207572 0.0100689098794759
1.07556734575333 0.121806913259984 0.00771544161885557
1.80919312975015 0.12064637565855 0.00908010477667544
1.36544427688296 0.242078565766979 0.00862840685564987
0.645978768566874 0.218273091757049 0.00875743014435955
1.09221814197139 0.221918549642429 0.0097505254209359
1.53746089620978 0.130995607316793 0.00834164508738336
0.767065873808726 0.218476687628105 0.00918698664125284
1.49654725835228 0.25546987271266 0.00845405985787034
1.84986459014882 0.128008371188894 0.00891133939242797
0.47339431516428 0.198606276949497 0.00996853775954872
1.31094312548653 0.240168961967035 0.00854983304290062
0.373721002965269 0.121610461740616 0.00897104417439889
0.604781371981588 0.255648041959108 0.00742290993651354
1.83510971621717 0.233207159067126 0.00836089915337461
1.56881906889697 0.116237199564845 0.00962824773914858
1.51751942836097 0.241199304785413 0.0100873673580742
1.61897153149616 0.251672514074416 0.00875455564560469
0.935870981406698 0.173209654732897 0.00992600122212623
0.296936127177192 0.21756033508535 0.0089925351293085
0.991017221683381 0.196347097718048 0.00917333048303863
1.24254257629071 0.245291109459487 0.00817317611715612
1.79788544946549 0.160493567564703 0.0113150388108078
1.46155371623611 0.114489210402707 0.00886914029991662
0.454261817910128 0.242949682349785 0.0100748345567311
1.43339565589973 0.248211074293034 0.00810318795939408
1.38088160040585 0.113720725937742 0.00918969756875361
1.82789130287512 0.137218606380602 0.00744764594116843
0.597236782084241 0.166029003868371 0.00939482390332645
0.997438209560066 0.238032888504914 0.00961050196504372
0.672858696284922 0.111962400701416 0.0100004607087216
0.80886742583929 0.209522810350058 0.0109594694397191
1.05885856853303 0.202058113112013 0.00880713085085946
1.39046461352907 0.177162020310778 0.00998875639409182
1.43330261346562 0.132224664036361 0.0100622977057208
0.310905853806114 0.203790284357871 0.00964204645302297
0.658151605336317 0.232065455110702 0.00825601907341576
1.12982922746889 0.131783108912573 0.00896481500371232
0.491807058863621 0.189307492757133 0.00940359061513907
0.91852061170154 0.244486901519778 0.00957958828548162
1.33982755847968 0.207253046084668 0.00944844355732818
0.765851430425134 0.237083032554942 0.00852651632959973
1.63047578823831 0.216177176025408 0.00586125075890705
0.449618530505494 0.180776877002428 0.00889937482660096
0.932670380311063 0.20801935775714 0.00895658285788449
0.580162679882176 0.216562282299776 0.00900592228424442
1.32538789769321 0.120629600600203 0.00959351398198333
0.787454429956417 0.122013774137947 0.00983140707591112
1.49170529449134 0.114499110350708 0.00807010883661637
1.09167436201398 0.115573111732272 0.00869211415950183
1.74727119245732 0.125208220803365 0.00861139338724831
0.991107973323088 0.120009718094029 0.0101422803190766
1.12509538909028 0.230195611723926 0.00901152732077821
1.85165290987726 0.192973820452584 0.00954717562606847
0.544765366965177 0.199998725173782 0.00976389434651269
0.781331472653181 0.185921002198667 0.00795575424676237
0.438495748172718 0.211460953257448 0.00932450305632793
1.74078807851815 0.175788379834818 0.00809287552456817
1.60275047579117 0.134132662091307 0.0083904116639718
1.78829516811493 0.12110690446361 0.00964118402167593
1.31376323502994 0.138528462957001 0.00887015425622281
1.77825791912411 0.241433709453717 0.00932551321583878
1.44096772186015 0.113626757468841 0.00902513999503055
0.712099012552605 0.105371157813317 0.00792881370124572
1.59023717485149 0.196861975675241 0.00810029387163135
0.865448664010454 0.232851056807061 0.0104636870077025
1.47322408184974 0.257556298713461 0.0083839286670849
1.16515113962701 0.212058366022658 0.00906211614891714
1.7661553789903 0.169913533271461 0.00884145411203105
1.07160132927697 0.222035145455463 0.00983562323792287
0.601827180005972 0.129780370862309 0.00795365155109182
1.3314850941516 0.189378511399031 0.00896079854413265
0.421076369136461 0.198848855603221 0.011046741040186
1.38096815672834 0.212198724548829 0.00825165616108079
1.24133107923063 0.221146251462821 0.00933910700711096
0.741606287764549 0.249226788513823 0.00843071387490382
1.81745141043385 0.235781450162179 0.00859167997317625
0.464355013704376 0.119691826653621 0.0109107913853139
0.693707424028836 0.110547450214064 0.00985125546410005
0.569127040959978 0.113318584901638 0.00907773105879254
0.380592515406555 0.138154336811296 0.00798101776577673
1.52365047589332 0.163157105828265 0.00910210687632146
1.01424291519483 0.107696367428716 0.00831957803622555
0.783307773687116 0.205385231067874 0.0106301974635604
0.597181667107392 0.223468717695497 0.00781613101950063
1.32939107093675 0.240612639986184 0.00845248254144579
1.75578337034374 0.188314147692009 0.0100722969863932
1.82518223768601 0.15371542853518 0.00815287831612591
1.57774800910742 0.2468610846156 0.00874719250826357
1.22458460013859 0.110983445077556 0.00934190317301788
0.88854307930946 0.113451828641002 0.00886066224205363
1.25010261863856 0.115534911332031 0.0103384116438695
0.850125465239155 0.247709528171316 0.00816177490792602
0.641215567089824 0.198882608029426 0.0101756846098153
1.74067991484533 0.246842724847651 0.00903717290362049
1.76397778465642 0.118301696166595 0.00856247072129911
0.371112319641463 0.210670045021639 0.00843943741005889
0.806064149341791 0.126395997103124 0.00808181432794674
0.870423480505926 0.118262445368889 0.00894915228282285
0.478767352578171 0.13637781800588 0.00996131511195188
0.958107349689376 0.238501362014431 0.0092275447811817
0.722645675650828 0.247718174441449 0.00765752532659766
1.58633336268542 0.229830936080711 0.00872899104327595
1.17647993477213 0.237093428779215 0.00964817304830611
1.69757449858485 0.207398909501164 0.00788760283751717
0.842658819003467 0.193514035274561 0.00769448821117823
1.41789157660505 0.208345046690823 0.00876118788684284
1.87117830078555 0.22573748882448 0.00683719456825376
0.828572717492159 0.123574101333044 0.0091425900205035
1.87468457898091 0.172940208660913 0.00877400241528514
0.582273411035221 0.249597163554909 0.00760946441137389
1.40128551006555 0.216238865206545 0.00870612006571665
0.857977394042871 0.145339059210826 0.00808286549351935
0.724328228641518 0.136490149571274 0.0085924999807647
1.03223848860653 0.106548610515626 0.00881081665119039
1.90166351658363 0.239344354911059 0.00923934531745398
0.742865236519933 0.162414008399972 0.0107959098857736
1.65411226948456 0.250414859351656 0.00893248262958653
1.0846649672413 0.248638577884543 0.00986564233873246
1.75035237861446 0.23068578416328 0.00871142608680554
0.369220557819308 0.162598493214157 0.00987240622896055
1.18548442029096 0.122625529950677 0.00870045013946487
1.85546230426174 0.173299921526626 0.00949002845353854
1.48223401416601 0.130559416135418 0.00910643407022136
0.847056172745045 0.160373111569283 0.00854168709024632
1.29188341986078 0.23577193405601 0.0100323371272625
1.13570442924329 0.179987359725689 0.00957931466859399
1.44965676393545 0.20744381798779 0.00946831136700998
1.36186816187761 0.209671503445351 0.00905963655605952
1.63437576835066 0.123382227528568 0.00727650716968158
1.93101186226371 0.15978853491411 0.00999458948774792
1.12543446208767 0.107421882256531 0.00772421763786003
1.85294296438245 0.220329991582408 0.00853301448536969
0.97764730889617 0.234931023091038 0.00920572631989171
0.601524555816126 0.186048534918894 0.0100549207438551
1.20509339051574 0.118187852507751 0.0103990136825206
0.533246927905422 0.173801174154188 0.00891484479288139
0.716322765711118 0.230613093249 0.00966683231042991
1.15458892753028 0.170689604466394 0.00828006319400791
1.91165330183393 0.123465512654551 0.00910180482850455
0.839466076114141 0.141530784771312 0.0086888979972949
1.32276626443685 0.223178970821109 0.00866963982064063
1.17183773135085 0.137078990522907 0.00983635523912151
0.813150104773903 0.10777759929394 0.0108432198666101
1.68851484486269 0.119623790343393 0.00765105387766673
1.27809131742544 0.203410550592616 0.00808600751722573
1.38563285189756 0.248672850930164 0.0059508938574456
0.388164263125323 0.153386749050622 0.00799659083135421
1.55889323327575 0.180597023341508 0.00881971297452002
1.47648482018854 0.239773473274989 0.00879127515087328
0.667802632494413 0.248625107167172 0.00995225919255802
1.931415115515 0.140098977779845 0.00815876202708566
1.18494724719603 0.201438824897457 0.0111374337053085
1.05291784935598 0.107744999439467 0.00884539549685685
1.71702331798363 0.201081792941068 0.00851603381955312
0.482571183690344 0.255806198262656 0.00990183302007695
1.51833528471203 0.1836100144524 0.0109734106114136
0.331225759675089 0.20638364938875 0.00980384565226282
1.28036887470675 0.124592626358021 0.00713949578148366
1.55668394820358 0.253123525765276 0.00999321817755584
1.51618073183626 0.136960435169694 0.00821311673459169
1.5430219125592 0.170197334123924 0.0091086682631245
1.93776469812341 0.235563698549776 0.00893083412789415
0.867062688685941 0.166865215169388 0.00940630268142805
1.88794596284669 0.22167635649587 0.00955250336403753
0.863982554216047 0.200947079097744 0.00822972217343036
0.61857132348121 0.215571045302212 0.0112742766537753
0.356926743669448 0.194105427415196 0.00894033183880652
1.28238514658496 0.1862704923831 0.00725287460104374
0.557596503801909 0.24601379024662 0.00976392806248855
0.30043777039998 0.112108910479472 0.00983044680925211
1.6196444568203 0.147328998298023 0.00916675694003127
0.397900779094932 0.12996450807459 0.00926766793096722
0.729066112906473 0.108828143338619 0.00852095856731524
0.391904469697681 0.110878361248115 0.00912393916306871
0.35063978254807 0.240977227613308 0.00802543007338749
1.28244959294275 0.219714171509229 0.0071798594268782
1.89323970845602 0.149877063001395 0.00869673847866524
1.73493661628214 0.199705265342569 0.00855163342605107
1.52901603925323 0.114575195974713 0.00833964013126035
1.71482938608653 0.167601526128976 0.00741423530405507
1.28136408648847 0.142352409236849 0.00765303184936409
1.53307843345508 0.253256000822481 0.00861197515192257
1.28443603525745 0.166416496697037 0.00819774507393728
0.550097631611566 0.114205535546992 0.00848746487645336
0.317295368576091 0.225459801905947 0.0102917195487858
1.66118533959404 0.216379894015251 0.00829626934999714
0.337449741585701 0.228690519672149 0.00869160612458089
0.511779787170132 0.247848990467263 0.00909068770630314
0.53055219862872 0.154502205485161 0.00928761620690563
1.54112402652668 0.235522373465972 0.00904672943267346
0.853363711727896 0.108269763759274 0.00829010079103236
1.72055454573155 0.242345544580296 0.0104374476195873
1.72309267973995 0.144193956293726 0.00754063330073039
1.91202131739116 0.142710868543059 0.00918448907015473
0.531399808404592 0.115118752603004 0.00798856081865892
1.64235604787613 0.224793738831392 0.00808083682933199
1.90683866176275 0.191460098477206 0.00799152474439077
1.15056859135886 0.131401608921766 0.008569276020498
0.513523333747627 0.145071500853653 0.00791806458588133
1.69925312521697 0.247610839321245 0.0100028731192657
0.60053666001709 0.147466220439747 0.00823490343865508
1.72774236990489 0.12126492296279 0.00700082294491487
0.850388008437176 0.126299666806367 0.00906988423157375
1.68060599167994 0.21518243812134 0.00981015318834466
0.388472377056095 0.172051691827727 0.00909523263049497
1.83090129870062 0.18326266491655 0.0101488302348159
1.1554834799359 0.230125638911082 0.00964671337645071
1.91196838445197 0.212705091302551 0.0105770229859094
0.517005528704625 0.210732279671854 0.0101235947560355
1.05356511603234 0.135964997195797 0.00935573959914316
1.13991578130634 0.151849745995045 0.00918982477916279
0.351400704212396 0.214003351330152 0.0105523187022389
1.51020654432957 0.118776819206391 0.00996962767828337
1.52675828100427 0.220804213663577 0.0104917235257646
1.1413005839676 0.245820863326753 0.0104495149403703
1.70512348937699 0.185272043839132 0.00865503896833127
1.70961614315645 0.120080882514685 0.0099696891271638
1.14408753690245 0.207398539384089 0.0102704263316632
1.90377358555464 0.166039955581144 0.00947617901432702
1.29017910186392 0.110716706598994 0.00846502981224205
1.40154869278427 0.251252900810276 0.00930512258983904
0.53437073674329 0.248735061603884 0.00990282903108696
0.510148349213973 0.177361267965148 0.0110589259448295
1.14390815108187 0.112493629460423 0.0104750227686545
1.69647080992538 0.135983296904907 0.00763395155215362
1.34948058916164 0.224186839481042 0.0090687295730878
1.61405947617436 0.181972279350681 0.0104563265386207
0.829775595290857 0.246313822495634 0.00907953212341824
1.6057987511284 0.223030252036641 0.0104174568730338
0.528058506942884 0.228779236741832 0.00998085868562622
0.858764476682866 0.183963526459063 0.00864887421159866
0.496749566966806 0.121679006254206 0.0120634765929761
0.607936499149245 0.110612778775017 0.0111579917416889
1.70631820847112 0.151538304191125 0.00985544821210116
1.41739667457188 0.241454906016098 0.00839533977094803
0.377851065799906 0.190604722101508 0.0112139152025206
0.292495427115204 0.236475346968202 0.00877035870321911
0.526208379498213 0.191850652977714 0.00948965596532498
1.54016751751438 0.19198546053052 0.0107659574682521
0.842955425683719 0.229703393411433 0.00906466016704024
1.89160202387883 0.181567312385573 0.00926653007662175
0.596867259973232 0.240749690293221 0.00860337324218352
0.289265615800693 0.197858660193961 0.00960229138221916
1.91930369919855 0.231904522644569 0.00894817185257497
1.7323999001151 0.160599835118168 0.00766895807475534
0.846849234316608 0.210836562630007 0.00923643110760369
1.05206647912261 0.233311765653369 0.00748948027326339
1.93455462846546 0.121287408088777 0.0099592650520095
1.61732763925959 0.117221446656224 0.00994415813634226
1.72238150713432 0.222285158104927 0.00726619160205273
1.7249922149403 0.183386189523687 0.00846374752162799
0.518340540303005 0.127680402660946 0.009225437194133
1.05294120019318 0.253873729649185 0.0120619162799855
1.60742057459764 0.202553732111525 0.00909602117686816
1.93784451595277 0.210901947837983 0.0114688734845839
0.381856194389765 0.24476781667617 0.00834544928245642
1.70095503362021 0.226275301391058 0.0103301345937466
1.60897259992965 0.162006826794366 0.00738030206303494
0.293268778491706 0.255279423050441 0.00910847817701906
